color_imp_blue  = [0,62,116]/255;
color_orange    = [210,64,0]/255;
color_brick     = [165,25,0]/255;
color_plum      = [50,30,109]/255;
color_darkgreen = [2,137,59]/255;
color_tangerine = [236,115,0]/255;
color_imp_blue2 = [0,110,175]/255;